               0                
              101              
             00110             
            1100101            
             01100             
            0010111            
           001101101           
          11101101110          
         0110000101101         
          10000100000          
         0100011101110         
        010011001010110        
       01010111010001101       
      0010110111001100111      
       01110011001000000       
      1100110011100100110      
     111101101101001000000     
    11000010110110001101100    
   0010000001101111011001100   
    01000000111010101110011    
   0010000001100001011101000   
  010000001001110011011110111  
 00100110010001101001011000110 
0100000010000010101000001001001
 00100000010001110110000101110 
1000110010101110111011000010111
             1001       